{
 "cells": [
  {
   "cell_type": "markdown",
   "metadata": {},
   "source": [
    "## Exercise 1.03: Filtering, Sorting, Combining, and Reshaping"
   ]
  },
  {
   "cell_type": "markdown",
   "metadata": {},
   "source": [
    "Following up on the last exercise, we are asked to deliver some more complex operations.   \n",
    "We will, therefore, continue to work with the same dataset, our `normal_distribution.csv`."
   ]
  },
  {
   "cell_type": "markdown",
   "metadata": {},
   "source": [
    "#### Loading the dataset"
   ]
  },
  {
   "cell_type": "code",
   "execution_count": 1,
   "metadata": {},
   "outputs": [],
   "source": [
    "# importing the necessary dependencies\n",
    "import numpy as np"
   ]
  },
  {
   "cell_type": "code",
   "execution_count": 2,
   "metadata": {},
   "outputs": [
    {
     "data": {
      "text/plain": [
       "array([[ 99.14931546, 104.03852715, 107.43534677,  97.85230675,\n",
       "         98.74986914,  98.80833412,  96.81964892,  98.56783189,\n",
       "        101.34745901],\n",
       "       [ 92.02628776,  97.10439252,  99.32066924,  97.24584816,\n",
       "         92.9267508 ,  92.65657752, 105.7197853 , 101.23162942,\n",
       "         93.87155456],\n",
       "       [ 95.66253664,  95.17750125,  90.93318132, 110.18889465,\n",
       "         98.80084371, 105.95297652,  98.37481387, 106.54654286,\n",
       "        107.22482426],\n",
       "       [ 91.37294597, 100.96781394, 100.40118279, 113.42090475,\n",
       "        105.48508838,  91.6604946 , 106.1472841 ,  95.08715803,\n",
       "        103.40412146],\n",
       "       [101.20862522, 103.5730309 , 100.28690912, 105.85269352,\n",
       "         93.37126331, 108.57980357, 100.79478953,  94.20019732,\n",
       "         96.10020311],\n",
       "       [102.80387079,  98.29687616,  93.24376389,  97.24130034,\n",
       "         89.03452725,  96.2832753 , 104.60344836, 101.13442416,\n",
       "         97.62787811],\n",
       "       [106.71751618, 102.97585605,  98.45723272, 100.72418901,\n",
       "        106.39798503,  95.46493436,  94.35373179, 106.83273763,\n",
       "        100.07721494],\n",
       "       [ 96.02548256, 102.82360856, 106.47551845, 101.34745901,\n",
       "        102.45651798,  98.74767493,  97.57544275,  92.5748759 ,\n",
       "         91.37294597],\n",
       "       [105.30350449,  92.87730812, 103.19258339, 104.40518318,\n",
       "        101.29326772, 100.85447132, 101.2226037 , 106.03868807,\n",
       "         97.85230675],\n",
       "       [110.44484313,  93.87155456, 101.5363647 ,  97.65393524,\n",
       "         92.75048583, 101.72074646,  96.96851209, 103.29147111,\n",
       "         99.14931546],\n",
       "       [101.3514185 , 100.37372248, 106.6471081 , 100.61742813,\n",
       "        105.0320535 ,  99.35999981,  98.87007532,  95.85284217,\n",
       "         93.97853495],\n",
       "       [ 97.21315663, 107.02874163, 102.17642112,  96.74630281,\n",
       "         95.93799169, 102.62384733, 105.07475277,  97.59572169,\n",
       "        106.57364584],\n",
       "       [ 95.65982034, 107.22482426, 107.19119932, 102.93039474,\n",
       "         85.98839623,  95.19184343,  91.32093303, 102.35313953,\n",
       "        100.39303522],\n",
       "       [100.39303522,  92.0108226 ,  97.75887636,  93.18884302,\n",
       "        100.44940274, 108.09423367,  96.50342927,  99.58664719,\n",
       "         95.19184343],\n",
       "       [103.1521596 , 109.40523174,  93.83969256,  99.95827854,\n",
       "        101.83462816,  99.69982772, 103.05289628, 103.93383957,\n",
       "        104.15899829],\n",
       "       [106.11454989,  88.80221141,  94.5081787 ,  94.59300658,\n",
       "        101.08830521,  96.34622848,  96.89244283,  98.07122664,\n",
       "        100.28690912],\n",
       "       [ 96.78266211,  99.84251605, 104.03478031, 106.57052697,\n",
       "        105.13668343, 105.37011896,  99.07551254, 104.15899829,\n",
       "         98.75108352],\n",
       "       [101.86186193, 103.61720152,  99.57859892,  99.4889538 ,\n",
       "        103.05541444,  98.65912661,  98.72774132, 104.70526438,\n",
       "        110.44484313],\n",
       "       [ 97.49594839,  96.59385486, 104.63817694, 102.55198606,\n",
       "        105.86078488,  96.5937781 ,  93.04610867,  99.92159953,\n",
       "        100.96781394],\n",
       "       [ 96.76814836,  91.6779221 , 101.79132774, 101.20773355,\n",
       "         98.29243952, 101.83845792,  97.94046856, 102.20618501,\n",
       "         91.37294597],\n",
       "       [106.89005002, 106.57364584, 102.26648279, 107.40064604,\n",
       "         99.94318168, 103.40412146, 106.38276709,  98.00253006,\n",
       "         97.10439252],\n",
       "       [ 99.80873105, 101.63973121, 106.46476468, 110.43976681,\n",
       "        100.69156231,  99.99579473, 101.32113654,  94.76253572,\n",
       "         97.24130034],\n",
       "       [ 96.10020311,  94.57421727, 100.80409326, 105.02389857,\n",
       "         98.61325194,  95.62359311,  97.99762409, 103.83852459,\n",
       "        101.2226037 ],\n",
       "       [ 94.11176915,  99.62387832, 104.51786419,  97.62787811,\n",
       "         93.97853495,  98.75108352, 106.05042487, 100.07721494,\n",
       "        106.89005002]])"
      ]
     },
     "execution_count": 2,
     "metadata": {},
     "output_type": "execute_result"
    }
   ],
   "source": [
    "# loading the Dataset\n",
    "dataset = np.genfromtxt('../../Datasets/normal_distribution_splittable.csv', delimiter=',')\n",
    "dataset"
   ]
  },
  {
   "cell_type": "markdown",
   "metadata": {},
   "source": [
    "---"
   ]
  },
  {
   "cell_type": "markdown",
   "metadata": {},
   "source": [
    "#### Filtering"
   ]
  },
  {
   "cell_type": "markdown",
   "metadata": {},
   "source": [
    "To get better insights into our dataset, we want to only look at the value that fulfills certain conditions.   \n",
    "Our client reaches out to us and asks us to provide lists of values that fulfills these conditions, filter down our dataset to contain only:\n",
    "- all values greater than 105 (>105)\n",
    "- all values that are between 90 and 95 (>90 and <95)\n",
    "- the indices of all values that have a delta of less than 1 to 100 (x-100 < 1)"
   ]
  },
  {
   "cell_type": "code",
   "execution_count": 3,
   "metadata": {},
   "outputs": [
    {
     "data": {
      "text/plain": [
       "array([107.43534677, 105.7197853 , 110.18889465, 105.95297652,\n",
       "       106.54654286, 107.22482426, 113.42090475, 105.48508838,\n",
       "       106.1472841 , 105.85269352, 108.57980357, 106.71751618,\n",
       "       106.39798503, 106.83273763, 106.47551845, 105.30350449,\n",
       "       106.03868807, 110.44484313, 106.6471081 , 105.0320535 ,\n",
       "       107.02874163, 105.07475277, 106.57364584, 107.22482426,\n",
       "       107.19119932, 108.09423367, 109.40523174, 106.11454989,\n",
       "       106.57052697, 105.13668343, 105.37011896, 110.44484313,\n",
       "       105.86078488, 106.89005002, 106.57364584, 107.40064604,\n",
       "       106.38276709, 106.46476468, 110.43976681, 105.02389857,\n",
       "       106.05042487, 106.89005002])"
      ]
     },
     "execution_count": 3,
     "metadata": {},
     "output_type": "execute_result"
    }
   ],
   "source": [
    "# values that are greater than 105\n",
    "vals_greater_five = dataset[dataset > 105]\n",
    "vals_greater_five"
   ]
  },
  {
   "cell_type": "code",
   "execution_count": 4,
   "metadata": {},
   "outputs": [
    {
     "data": {
      "text/plain": [
       "array([92.02628776, 92.9267508 , 92.65657752, 93.87155456, 90.93318132,\n",
       "       91.37294597, 91.6604946 , 93.37126331, 94.20019732, 93.24376389,\n",
       "       94.35373179, 92.5748759 , 91.37294597, 92.87730812, 93.87155456,\n",
       "       92.75048583, 93.97853495, 91.32093303, 92.0108226 , 93.18884302,\n",
       "       93.83969256, 94.5081787 , 94.59300658, 93.04610867, 91.6779221 ,\n",
       "       91.37294597, 94.76253572, 94.57421727, 94.11176915, 93.97853495])"
      ]
     },
     "execution_count": 4,
     "metadata": {},
     "output_type": "execute_result"
    }
   ],
   "source": [
    "# values that are between 90 and 95\n",
    "vals_between_90_95 = np.extract((dataset > 90) & (dataset < 95), dataset)\n",
    "vals_between_90_95"
   ]
  },
  {
   "cell_type": "markdown",
   "metadata": {},
   "source": [
    "> **Note:**    \n",
    "Conditional filtering can be done either using the brackets syntax or NumPys `extract` method"
   ]
  },
  {
   "cell_type": "code",
   "execution_count": 5,
   "metadata": {},
   "outputs": [
    {
     "data": {
      "text/plain": [
       "[[0, 0],\n",
       " [1, 2],\n",
       " [3, 1],\n",
       " [3, 2],\n",
       " [4, 2],\n",
       " [4, 6],\n",
       " [6, 3],\n",
       " [6, 8],\n",
       " [8, 5],\n",
       " [9, 8],\n",
       " [10, 1],\n",
       " [10, 3],\n",
       " [10, 5],\n",
       " [12, 8],\n",
       " [13, 0],\n",
       " [13, 4],\n",
       " [13, 7],\n",
       " [14, 3],\n",
       " [14, 5],\n",
       " [15, 8],\n",
       " [16, 1],\n",
       " [16, 6],\n",
       " [17, 2],\n",
       " [17, 3],\n",
       " [18, 7],\n",
       " [18, 8],\n",
       " [20, 4],\n",
       " [21, 0],\n",
       " [21, 4],\n",
       " [21, 5],\n",
       " [22, 2],\n",
       " [23, 1],\n",
       " [23, 7]]"
      ]
     },
     "execution_count": 5,
     "metadata": {},
     "output_type": "execute_result"
    }
   ],
   "source": [
    "# indices of values that have a delta of less than 1 to 100\n",
    "rows, cols = np.where(abs(dataset - 100) < 1)\n",
    "\n",
    "one_away_indices = [[rows[index], cols[index]] for (index, _) in np.ndenumerate(rows)]\n",
    "one_away_indices"
   ]
  },
  {
   "cell_type": "markdown",
   "metadata": {},
   "source": [
    "---"
   ]
  },
  {
   "cell_type": "markdown",
   "metadata": {},
   "source": [
    "#### Sorting"
   ]
  },
  {
   "cell_type": "markdown",
   "metadata": {},
   "source": [
    "They also want to experiment with some more plotting techniques so they ask you to also deliver these datasets. Sort our dataset with:\n",
    "- values sorted in ascending order for each row\n",
    "- values sorted in ascending order for each column\n",
    "- the matrix of indices indicating the position in a sorted list of each value   \n",
    "```\n",
    "[3, 1, 2, 5, 4]  =>  [1, 2, 0, 4, 3]\n",
    "```"
   ]
  },
  {
   "cell_type": "code",
   "execution_count": 8,
   "metadata": {},
   "outputs": [
    {
     "data": {
      "text/plain": [
       "array([[ 96.81964892,  97.85230675,  98.56783189,  98.74986914,\n",
       "         98.80833412,  99.14931546, 101.34745901, 104.03852715,\n",
       "        107.43534677],\n",
       "       [ 92.02628776,  92.65657752,  92.9267508 ,  93.87155456,\n",
       "         97.10439252,  97.24584816,  99.32066924, 101.23162942,\n",
       "        105.7197853 ],\n",
       "       [ 90.93318132,  95.17750125,  95.66253664,  98.37481387,\n",
       "         98.80084371, 105.95297652, 106.54654286, 107.22482426,\n",
       "        110.18889465],\n",
       "       [ 91.37294597,  91.6604946 ,  95.08715803, 100.40118279,\n",
       "        100.96781394, 103.40412146, 105.48508838, 106.1472841 ,\n",
       "        113.42090475],\n",
       "       [ 93.37126331,  94.20019732,  96.10020311, 100.28690912,\n",
       "        100.79478953, 101.20862522, 103.5730309 , 105.85269352,\n",
       "        108.57980357],\n",
       "       [ 89.03452725,  93.24376389,  96.2832753 ,  97.24130034,\n",
       "         97.62787811,  98.29687616, 101.13442416, 102.80387079,\n",
       "        104.60344836],\n",
       "       [ 94.35373179,  95.46493436,  98.45723272, 100.07721494,\n",
       "        100.72418901, 102.97585605, 106.39798503, 106.71751618,\n",
       "        106.83273763],\n",
       "       [ 91.37294597,  92.5748759 ,  96.02548256,  97.57544275,\n",
       "         98.74767493, 101.34745901, 102.45651798, 102.82360856,\n",
       "        106.47551845],\n",
       "       [ 92.87730812,  97.85230675, 100.85447132, 101.2226037 ,\n",
       "        101.29326772, 103.19258339, 104.40518318, 105.30350449,\n",
       "        106.03868807],\n",
       "       [ 92.75048583,  93.87155456,  96.96851209,  97.65393524,\n",
       "         99.14931546, 101.5363647 , 101.72074646, 103.29147111,\n",
       "        110.44484313],\n",
       "       [ 93.97853495,  95.85284217,  98.87007532,  99.35999981,\n",
       "        100.37372248, 100.61742813, 101.3514185 , 105.0320535 ,\n",
       "        106.6471081 ],\n",
       "       [ 95.93799169,  96.74630281,  97.21315663,  97.59572169,\n",
       "        102.17642112, 102.62384733, 105.07475277, 106.57364584,\n",
       "        107.02874163],\n",
       "       [ 85.98839623,  91.32093303,  95.19184343,  95.65982034,\n",
       "        100.39303522, 102.35313953, 102.93039474, 107.19119932,\n",
       "        107.22482426],\n",
       "       [ 92.0108226 ,  93.18884302,  95.19184343,  96.50342927,\n",
       "         97.75887636,  99.58664719, 100.39303522, 100.44940274,\n",
       "        108.09423367],\n",
       "       [ 93.83969256,  99.69982772,  99.95827854, 101.83462816,\n",
       "        103.05289628, 103.1521596 , 103.93383957, 104.15899829,\n",
       "        109.40523174],\n",
       "       [ 88.80221141,  94.5081787 ,  94.59300658,  96.34622848,\n",
       "         96.89244283,  98.07122664, 100.28690912, 101.08830521,\n",
       "        106.11454989],\n",
       "       [ 96.78266211,  98.75108352,  99.07551254,  99.84251605,\n",
       "        104.03478031, 104.15899829, 105.13668343, 105.37011896,\n",
       "        106.57052697],\n",
       "       [ 98.65912661,  98.72774132,  99.4889538 ,  99.57859892,\n",
       "        101.86186193, 103.05541444, 103.61720152, 104.70526438,\n",
       "        110.44484313],\n",
       "       [ 93.04610867,  96.5937781 ,  96.59385486,  97.49594839,\n",
       "         99.92159953, 100.96781394, 102.55198606, 104.63817694,\n",
       "        105.86078488],\n",
       "       [ 91.37294597,  91.6779221 ,  96.76814836,  97.94046856,\n",
       "         98.29243952, 101.20773355, 101.79132774, 101.83845792,\n",
       "        102.20618501],\n",
       "       [ 97.10439252,  98.00253006,  99.94318168, 102.26648279,\n",
       "        103.40412146, 106.38276709, 106.57364584, 106.89005002,\n",
       "        107.40064604],\n",
       "       [ 94.76253572,  97.24130034,  99.80873105,  99.99579473,\n",
       "        100.69156231, 101.32113654, 101.63973121, 106.46476468,\n",
       "        110.43976681],\n",
       "       [ 94.57421727,  95.62359311,  96.10020311,  97.99762409,\n",
       "         98.61325194, 100.80409326, 101.2226037 , 103.83852459,\n",
       "        105.02389857],\n",
       "       [ 93.97853495,  94.11176915,  97.62787811,  98.75108352,\n",
       "         99.62387832, 100.07721494, 104.51786419, 106.05042487,\n",
       "        106.89005002]])"
      ]
     },
     "execution_count": 8,
     "metadata": {},
     "output_type": "execute_result"
    }
   ],
   "source": [
    "# values sorted for each row\n",
    "row_sorted = np.sort(dataset)\n",
    "row_sorted"
   ]
  },
  {
   "cell_type": "markdown",
   "metadata": {},
   "source": [
    "> **Note:**   \n",
    "By default, sorting will always be done along the last axis. In our case this is 1, leading to each row being sorted."
   ]
  },
  {
   "cell_type": "code",
   "execution_count": 9,
   "metadata": {},
   "outputs": [
    {
     "data": {
      "text/plain": [
       "array([[ 91.37294597,  88.80221141,  90.93318132,  93.18884302,\n",
       "         85.98839623,  91.6604946 ,  91.32093303,  92.5748759 ,\n",
       "         91.37294597],\n",
       "       [ 92.02628776,  91.6779221 ,  93.24376389,  94.59300658,\n",
       "         89.03452725,  92.65657752,  93.04610867,  94.20019732,\n",
       "         91.37294597],\n",
       "       [ 94.11176915,  92.0108226 ,  93.83969256,  96.74630281,\n",
       "         92.75048583,  95.19184343,  94.35373179,  94.76253572,\n",
       "         93.87155456],\n",
       "       [ 95.65982034,  92.87730812,  94.5081787 ,  97.24130034,\n",
       "         92.9267508 ,  95.46493436,  96.50342927,  95.08715803,\n",
       "         93.97853495],\n",
       "       [ 95.66253664,  93.87155456,  97.75887636,  97.24584816,\n",
       "         93.37126331,  95.62359311,  96.81964892,  95.85284217,\n",
       "         95.19184343],\n",
       "       [ 96.02548256,  94.57421727,  98.45723272,  97.62787811,\n",
       "         93.97853495,  96.2832753 ,  96.89244283,  97.59572169,\n",
       "         96.10020311],\n",
       "       [ 96.10020311,  95.17750125,  99.32066924,  97.65393524,\n",
       "         95.93799169,  96.34622848,  96.96851209,  98.00253006,\n",
       "         97.10439252],\n",
       "       [ 96.76814836,  96.59385486,  99.57859892,  97.85230675,\n",
       "         98.29243952,  96.5937781 ,  97.57544275,  98.07122664,\n",
       "         97.24130034],\n",
       "       [ 96.78266211,  97.10439252, 100.28690912,  99.4889538 ,\n",
       "         98.61325194,  98.65912661,  97.94046856,  98.56783189,\n",
       "         97.62787811],\n",
       "       [ 97.21315663,  98.29687616, 100.40118279,  99.95827854,\n",
       "         98.74986914,  98.74767493,  97.99762409,  99.58664719,\n",
       "         97.85230675],\n",
       "       [ 97.49594839,  99.62387832, 100.80409326, 100.61742813,\n",
       "         98.80084371,  98.75108352,  98.37481387,  99.92159953,\n",
       "         98.75108352],\n",
       "       [ 99.14931546,  99.84251605, 101.5363647 , 100.72418901,\n",
       "         99.94318168,  98.80833412,  98.72774132, 100.07721494,\n",
       "         99.14931546],\n",
       "       [ 99.80873105, 100.37372248, 101.79132774, 101.20773355,\n",
       "        100.44940274,  99.35999981,  98.87007532, 101.13442416,\n",
       "        100.07721494],\n",
       "       [100.39303522, 100.96781394, 102.17642112, 101.34745901,\n",
       "        100.69156231,  99.69982772,  99.07551254, 101.23162942,\n",
       "        100.28690912],\n",
       "       [101.20862522, 101.63973121, 102.26648279, 102.55198606,\n",
       "        101.08830521,  99.99579473, 100.79478953, 102.20618501,\n",
       "        100.39303522],\n",
       "       [101.3514185 , 102.82360856, 103.19258339, 102.93039474,\n",
       "        101.29326772, 100.85447132, 101.2226037 , 102.35313953,\n",
       "        100.96781394],\n",
       "       [101.86186193, 102.97585605, 104.03478031, 104.40518318,\n",
       "        101.83462816, 101.72074646, 101.32113654, 103.29147111,\n",
       "        101.2226037 ],\n",
       "       [102.80387079, 103.5730309 , 104.51786419, 105.02389857,\n",
       "        102.45651798, 101.83845792, 103.05289628, 103.83852459,\n",
       "        101.34745901],\n",
       "       [103.1521596 , 103.61720152, 104.63817694, 105.85269352,\n",
       "        103.05541444, 102.62384733, 104.60344836, 103.93383957,\n",
       "        103.40412146],\n",
       "       [105.30350449, 104.03852715, 106.46476468, 106.57052697,\n",
       "        105.0320535 , 103.40412146, 105.07475277, 104.15899829,\n",
       "        104.15899829],\n",
       "       [106.11454989, 106.57364584, 106.47551845, 107.40064604,\n",
       "        105.13668343, 105.37011896, 105.7197853 , 104.70526438,\n",
       "        106.57364584],\n",
       "       [106.71751618, 107.02874163, 106.6471081 , 110.18889465,\n",
       "        105.48508838, 105.95297652, 106.05042487, 106.03868807,\n",
       "        106.89005002],\n",
       "       [106.89005002, 107.22482426, 107.19119932, 110.43976681,\n",
       "        105.86078488, 108.09423367, 106.1472841 , 106.54654286,\n",
       "        107.22482426],\n",
       "       [110.44484313, 109.40523174, 107.43534677, 113.42090475,\n",
       "        106.39798503, 108.57980357, 106.38276709, 106.83273763,\n",
       "        110.44484313]])"
      ]
     },
     "execution_count": 9,
     "metadata": {},
     "output_type": "execute_result"
    }
   ],
   "source": [
    "# values sorted for each column\n",
    "col_sorted = np.sort(dataset, axis=0)\n",
    "col_sorted"
   ]
  },
  {
   "cell_type": "code",
   "execution_count": 8,
   "metadata": {},
   "outputs": [
    {
     "data": {
      "text/plain": [
       "array([ 96.81964892,  97.85230675,  98.56783189,  98.74986914,\n",
       "        98.80833412,  99.14931546, 101.34745901, 104.03852715,\n",
       "       107.43534677])"
      ]
     },
     "execution_count": 8,
     "metadata": {},
     "output_type": "execute_result"
    }
   ],
   "source": [
    "# sorted indices of positions for first row\n",
    "index_sorted = np.argsort(dataset[0])\n",
    "dataset[0][index_sorted]"
   ]
  },
  {
   "cell_type": "markdown",
   "metadata": {},
   "source": [
    "---"
   ]
  },
  {
   "cell_type": "markdown",
   "metadata": {},
   "source": [
    "#### Combining"
   ]
  },
  {
   "cell_type": "markdown",
   "metadata": {},
   "source": [
    "After finishing their visualization and doing ask you to deliver a way they can incrementally add the split parts of the dataset to make sure it works with every subset, too.   \n",
    "Create a combined dataset by:\n",
    "- adding the second half of the first column\n",
    "- adding the second column\n",
    "- adding the third and last separate column\n"
   ]
  },
  {
   "cell_type": "code",
   "execution_count": 12,
   "metadata": {},
   "outputs": [
    {
     "data": {
      "text/plain": [
       "array([[ 99.14931546, 104.03852715, 107.43534677],\n",
       "       [ 92.02628776,  97.10439252,  99.32066924],\n",
       "       [ 95.66253664,  95.17750125,  90.93318132],\n",
       "       [ 91.37294597, 100.96781394, 100.40118279],\n",
       "       [101.20862522, 103.5730309 , 100.28690912],\n",
       "       [102.80387079,  98.29687616,  93.24376389],\n",
       "       [106.71751618, 102.97585605,  98.45723272],\n",
       "       [ 96.02548256, 102.82360856, 106.47551845],\n",
       "       [105.30350449,  92.87730812, 103.19258339],\n",
       "       [110.44484313,  93.87155456, 101.5363647 ],\n",
       "       [101.3514185 , 100.37372248, 106.6471081 ],\n",
       "       [ 97.21315663, 107.02874163, 102.17642112]])"
      ]
     },
     "execution_count": 12,
     "metadata": {},
     "output_type": "execute_result"
    }
   ],
   "source": [
    "# split up dataset from exercise02\n",
    "thirds = np.hsplit(dataset, (3))\n",
    "halfed_first = np.vsplit(thirds[0], (2))\n",
    "\n",
    "# this is the part we've sent the client in exercise02\n",
    "halfed_first[0]"
   ]
  },
  {
   "cell_type": "code",
   "execution_count": 13,
   "metadata": {},
   "outputs": [
    {
     "data": {
      "text/plain": [
       "array([[ 99.14931546, 104.03852715, 107.43534677],\n",
       "       [ 92.02628776,  97.10439252,  99.32066924],\n",
       "       [ 95.66253664,  95.17750125,  90.93318132],\n",
       "       [ 91.37294597, 100.96781394, 100.40118279],\n",
       "       [101.20862522, 103.5730309 , 100.28690912],\n",
       "       [102.80387079,  98.29687616,  93.24376389],\n",
       "       [106.71751618, 102.97585605,  98.45723272],\n",
       "       [ 96.02548256, 102.82360856, 106.47551845],\n",
       "       [105.30350449,  92.87730812, 103.19258339],\n",
       "       [110.44484313,  93.87155456, 101.5363647 ],\n",
       "       [101.3514185 , 100.37372248, 106.6471081 ],\n",
       "       [ 97.21315663, 107.02874163, 102.17642112],\n",
       "       [ 95.65982034, 107.22482426, 107.19119932],\n",
       "       [100.39303522,  92.0108226 ,  97.75887636],\n",
       "       [103.1521596 , 109.40523174,  93.83969256],\n",
       "       [106.11454989,  88.80221141,  94.5081787 ],\n",
       "       [ 96.78266211,  99.84251605, 104.03478031],\n",
       "       [101.86186193, 103.61720152,  99.57859892],\n",
       "       [ 97.49594839,  96.59385486, 104.63817694],\n",
       "       [ 96.76814836,  91.6779221 , 101.79132774],\n",
       "       [106.89005002, 106.57364584, 102.26648279],\n",
       "       [ 99.80873105, 101.63973121, 106.46476468],\n",
       "       [ 96.10020311,  94.57421727, 100.80409326],\n",
       "       [ 94.11176915,  99.62387832, 104.51786419]])"
      ]
     },
     "execution_count": 13,
     "metadata": {},
     "output_type": "execute_result"
    }
   ],
   "source": [
    "# adding the second half of the first column to the data\n",
    "first_col = np.vstack([halfed_first[0], halfed_first[1]])\n",
    "first_col"
   ]
  },
  {
   "cell_type": "code",
   "execution_count": 14,
   "metadata": {},
   "outputs": [
    {
     "data": {
      "text/plain": [
       "array([[ 99.14931546, 104.03852715, 107.43534677,  97.85230675,\n",
       "         98.74986914,  98.80833412],\n",
       "       [ 92.02628776,  97.10439252,  99.32066924,  97.24584816,\n",
       "         92.9267508 ,  92.65657752],\n",
       "       [ 95.66253664,  95.17750125,  90.93318132, 110.18889465,\n",
       "         98.80084371, 105.95297652],\n",
       "       [ 91.37294597, 100.96781394, 100.40118279, 113.42090475,\n",
       "        105.48508838,  91.6604946 ],\n",
       "       [101.20862522, 103.5730309 , 100.28690912, 105.85269352,\n",
       "         93.37126331, 108.57980357],\n",
       "       [102.80387079,  98.29687616,  93.24376389,  97.24130034,\n",
       "         89.03452725,  96.2832753 ],\n",
       "       [106.71751618, 102.97585605,  98.45723272, 100.72418901,\n",
       "        106.39798503,  95.46493436],\n",
       "       [ 96.02548256, 102.82360856, 106.47551845, 101.34745901,\n",
       "        102.45651798,  98.74767493],\n",
       "       [105.30350449,  92.87730812, 103.19258339, 104.40518318,\n",
       "        101.29326772, 100.85447132],\n",
       "       [110.44484313,  93.87155456, 101.5363647 ,  97.65393524,\n",
       "         92.75048583, 101.72074646],\n",
       "       [101.3514185 , 100.37372248, 106.6471081 , 100.61742813,\n",
       "        105.0320535 ,  99.35999981],\n",
       "       [ 97.21315663, 107.02874163, 102.17642112,  96.74630281,\n",
       "         95.93799169, 102.62384733],\n",
       "       [ 95.65982034, 107.22482426, 107.19119932, 102.93039474,\n",
       "         85.98839623,  95.19184343],\n",
       "       [100.39303522,  92.0108226 ,  97.75887636,  93.18884302,\n",
       "        100.44940274, 108.09423367],\n",
       "       [103.1521596 , 109.40523174,  93.83969256,  99.95827854,\n",
       "        101.83462816,  99.69982772],\n",
       "       [106.11454989,  88.80221141,  94.5081787 ,  94.59300658,\n",
       "        101.08830521,  96.34622848],\n",
       "       [ 96.78266211,  99.84251605, 104.03478031, 106.57052697,\n",
       "        105.13668343, 105.37011896],\n",
       "       [101.86186193, 103.61720152,  99.57859892,  99.4889538 ,\n",
       "        103.05541444,  98.65912661],\n",
       "       [ 97.49594839,  96.59385486, 104.63817694, 102.55198606,\n",
       "        105.86078488,  96.5937781 ],\n",
       "       [ 96.76814836,  91.6779221 , 101.79132774, 101.20773355,\n",
       "         98.29243952, 101.83845792],\n",
       "       [106.89005002, 106.57364584, 102.26648279, 107.40064604,\n",
       "         99.94318168, 103.40412146],\n",
       "       [ 99.80873105, 101.63973121, 106.46476468, 110.43976681,\n",
       "        100.69156231,  99.99579473],\n",
       "       [ 96.10020311,  94.57421727, 100.80409326, 105.02389857,\n",
       "         98.61325194,  95.62359311],\n",
       "       [ 94.11176915,  99.62387832, 104.51786419,  97.62787811,\n",
       "         93.97853495,  98.75108352]])"
      ]
     },
     "execution_count": 14,
     "metadata": {},
     "output_type": "execute_result"
    }
   ],
   "source": [
    "# adding the second column to our combined dataset\n",
    "first_second_col = np.hstack([first_col, thirds[1]])\n",
    "first_second_col"
   ]
  },
  {
   "cell_type": "code",
   "execution_count": 15,
   "metadata": {},
   "outputs": [
    {
     "data": {
      "text/plain": [
       "array([[ 99.14931546, 104.03852715, 107.43534677,  97.85230675,\n",
       "         98.74986914,  98.80833412,  96.81964892,  98.56783189,\n",
       "        101.34745901],\n",
       "       [ 92.02628776,  97.10439252,  99.32066924,  97.24584816,\n",
       "         92.9267508 ,  92.65657752, 105.7197853 , 101.23162942,\n",
       "         93.87155456],\n",
       "       [ 95.66253664,  95.17750125,  90.93318132, 110.18889465,\n",
       "         98.80084371, 105.95297652,  98.37481387, 106.54654286,\n",
       "        107.22482426],\n",
       "       [ 91.37294597, 100.96781394, 100.40118279, 113.42090475,\n",
       "        105.48508838,  91.6604946 , 106.1472841 ,  95.08715803,\n",
       "        103.40412146],\n",
       "       [101.20862522, 103.5730309 , 100.28690912, 105.85269352,\n",
       "         93.37126331, 108.57980357, 100.79478953,  94.20019732,\n",
       "         96.10020311],\n",
       "       [102.80387079,  98.29687616,  93.24376389,  97.24130034,\n",
       "         89.03452725,  96.2832753 , 104.60344836, 101.13442416,\n",
       "         97.62787811],\n",
       "       [106.71751618, 102.97585605,  98.45723272, 100.72418901,\n",
       "        106.39798503,  95.46493436,  94.35373179, 106.83273763,\n",
       "        100.07721494],\n",
       "       [ 96.02548256, 102.82360856, 106.47551845, 101.34745901,\n",
       "        102.45651798,  98.74767493,  97.57544275,  92.5748759 ,\n",
       "         91.37294597],\n",
       "       [105.30350449,  92.87730812, 103.19258339, 104.40518318,\n",
       "        101.29326772, 100.85447132, 101.2226037 , 106.03868807,\n",
       "         97.85230675],\n",
       "       [110.44484313,  93.87155456, 101.5363647 ,  97.65393524,\n",
       "         92.75048583, 101.72074646,  96.96851209, 103.29147111,\n",
       "         99.14931546],\n",
       "       [101.3514185 , 100.37372248, 106.6471081 , 100.61742813,\n",
       "        105.0320535 ,  99.35999981,  98.87007532,  95.85284217,\n",
       "         93.97853495],\n",
       "       [ 97.21315663, 107.02874163, 102.17642112,  96.74630281,\n",
       "         95.93799169, 102.62384733, 105.07475277,  97.59572169,\n",
       "        106.57364584],\n",
       "       [ 95.65982034, 107.22482426, 107.19119932, 102.93039474,\n",
       "         85.98839623,  95.19184343,  91.32093303, 102.35313953,\n",
       "        100.39303522],\n",
       "       [100.39303522,  92.0108226 ,  97.75887636,  93.18884302,\n",
       "        100.44940274, 108.09423367,  96.50342927,  99.58664719,\n",
       "         95.19184343],\n",
       "       [103.1521596 , 109.40523174,  93.83969256,  99.95827854,\n",
       "        101.83462816,  99.69982772, 103.05289628, 103.93383957,\n",
       "        104.15899829],\n",
       "       [106.11454989,  88.80221141,  94.5081787 ,  94.59300658,\n",
       "        101.08830521,  96.34622848,  96.89244283,  98.07122664,\n",
       "        100.28690912],\n",
       "       [ 96.78266211,  99.84251605, 104.03478031, 106.57052697,\n",
       "        105.13668343, 105.37011896,  99.07551254, 104.15899829,\n",
       "         98.75108352],\n",
       "       [101.86186193, 103.61720152,  99.57859892,  99.4889538 ,\n",
       "        103.05541444,  98.65912661,  98.72774132, 104.70526438,\n",
       "        110.44484313],\n",
       "       [ 97.49594839,  96.59385486, 104.63817694, 102.55198606,\n",
       "        105.86078488,  96.5937781 ,  93.04610867,  99.92159953,\n",
       "        100.96781394],\n",
       "       [ 96.76814836,  91.6779221 , 101.79132774, 101.20773355,\n",
       "         98.29243952, 101.83845792,  97.94046856, 102.20618501,\n",
       "         91.37294597],\n",
       "       [106.89005002, 106.57364584, 102.26648279, 107.40064604,\n",
       "         99.94318168, 103.40412146, 106.38276709,  98.00253006,\n",
       "         97.10439252],\n",
       "       [ 99.80873105, 101.63973121, 106.46476468, 110.43976681,\n",
       "        100.69156231,  99.99579473, 101.32113654,  94.76253572,\n",
       "         97.24130034],\n",
       "       [ 96.10020311,  94.57421727, 100.80409326, 105.02389857,\n",
       "         98.61325194,  95.62359311,  97.99762409, 103.83852459,\n",
       "        101.2226037 ],\n",
       "       [ 94.11176915,  99.62387832, 104.51786419,  97.62787811,\n",
       "         93.97853495,  98.75108352, 106.05042487, 100.07721494,\n",
       "        106.89005002]])"
      ]
     },
     "execution_count": 15,
     "metadata": {},
     "output_type": "execute_result"
    }
   ],
   "source": [
    "# adding the third column to our combined dataset\n",
    "full_data = np.hstack([first_second_col, thirds[2]])\n",
    "full_data"
   ]
  },
  {
   "cell_type": "markdown",
   "metadata": {},
   "source": [
    "> **Note:**    \n",
    "The same results can be achieved with `np.concatenate` and `np.stack`.    \n",
    "For both methods, you need to provide the axis onto which it should be appended.   \n",
    "Depending on your preferences you might want to use those."
   ]
  },
  {
   "cell_type": "markdown",
   "metadata": {},
   "source": [
    "---"
   ]
  },
  {
   "cell_type": "markdown",
   "metadata": {},
   "source": [
    "#### Reshaping"
   ]
  },
  {
   "cell_type": "markdown",
   "metadata": {},
   "source": [
    "For their internal AI algorithms, they need the dataset in a reshaped manner that reduces the number of columns.   \n",
    "They asked us to deliver the whole dataset in the following shapes. Create new datasets that are:\n",
    "- reshaped in a one-dimensional list with all values\n",
    "- reshaped in a matrix with only 2 columns"
   ]
  },
  {
   "cell_type": "code",
   "execution_count": 16,
   "metadata": {},
   "outputs": [
    {
     "data": {
      "text/plain": [
       "array([[ 99.14931546, 104.03852715, 107.43534677,  97.85230675,\n",
       "         98.74986914,  98.80833412,  96.81964892,  98.56783189,\n",
       "        101.34745901,  92.02628776,  97.10439252,  99.32066924,\n",
       "         97.24584816,  92.9267508 ,  92.65657752, 105.7197853 ,\n",
       "        101.23162942,  93.87155456,  95.66253664,  95.17750125,\n",
       "         90.93318132, 110.18889465,  98.80084371, 105.95297652,\n",
       "         98.37481387, 106.54654286, 107.22482426,  91.37294597,\n",
       "        100.96781394, 100.40118279, 113.42090475, 105.48508838,\n",
       "         91.6604946 , 106.1472841 ,  95.08715803, 103.40412146,\n",
       "        101.20862522, 103.5730309 , 100.28690912, 105.85269352,\n",
       "         93.37126331, 108.57980357, 100.79478953,  94.20019732,\n",
       "         96.10020311, 102.80387079,  98.29687616,  93.24376389,\n",
       "         97.24130034,  89.03452725,  96.2832753 , 104.60344836,\n",
       "        101.13442416,  97.62787811, 106.71751618, 102.97585605,\n",
       "         98.45723272, 100.72418901, 106.39798503,  95.46493436,\n",
       "         94.35373179, 106.83273763, 100.07721494,  96.02548256,\n",
       "        102.82360856, 106.47551845, 101.34745901, 102.45651798,\n",
       "         98.74767493,  97.57544275,  92.5748759 ,  91.37294597,\n",
       "        105.30350449,  92.87730812, 103.19258339, 104.40518318,\n",
       "        101.29326772, 100.85447132, 101.2226037 , 106.03868807,\n",
       "         97.85230675, 110.44484313,  93.87155456, 101.5363647 ,\n",
       "         97.65393524,  92.75048583, 101.72074646,  96.96851209,\n",
       "        103.29147111,  99.14931546, 101.3514185 , 100.37372248,\n",
       "        106.6471081 , 100.61742813, 105.0320535 ,  99.35999981,\n",
       "         98.87007532,  95.85284217,  93.97853495,  97.21315663,\n",
       "        107.02874163, 102.17642112,  96.74630281,  95.93799169,\n",
       "        102.62384733, 105.07475277,  97.59572169, 106.57364584,\n",
       "         95.65982034, 107.22482426, 107.19119932, 102.93039474,\n",
       "         85.98839623,  95.19184343,  91.32093303, 102.35313953,\n",
       "        100.39303522, 100.39303522,  92.0108226 ,  97.75887636,\n",
       "         93.18884302, 100.44940274, 108.09423367,  96.50342927,\n",
       "         99.58664719,  95.19184343, 103.1521596 , 109.40523174,\n",
       "         93.83969256,  99.95827854, 101.83462816,  99.69982772,\n",
       "        103.05289628, 103.93383957, 104.15899829, 106.11454989,\n",
       "         88.80221141,  94.5081787 ,  94.59300658, 101.08830521,\n",
       "         96.34622848,  96.89244283,  98.07122664, 100.28690912,\n",
       "         96.78266211,  99.84251605, 104.03478031, 106.57052697,\n",
       "        105.13668343, 105.37011896,  99.07551254, 104.15899829,\n",
       "         98.75108352, 101.86186193, 103.61720152,  99.57859892,\n",
       "         99.4889538 , 103.05541444,  98.65912661,  98.72774132,\n",
       "        104.70526438, 110.44484313,  97.49594839,  96.59385486,\n",
       "        104.63817694, 102.55198606, 105.86078488,  96.5937781 ,\n",
       "         93.04610867,  99.92159953, 100.96781394,  96.76814836,\n",
       "         91.6779221 , 101.79132774, 101.20773355,  98.29243952,\n",
       "        101.83845792,  97.94046856, 102.20618501,  91.37294597,\n",
       "        106.89005002, 106.57364584, 102.26648279, 107.40064604,\n",
       "         99.94318168, 103.40412146, 106.38276709,  98.00253006,\n",
       "         97.10439252,  99.80873105, 101.63973121, 106.46476468,\n",
       "        110.43976681, 100.69156231,  99.99579473, 101.32113654,\n",
       "         94.76253572,  97.24130034,  96.10020311,  94.57421727,\n",
       "        100.80409326, 105.02389857,  98.61325194,  95.62359311,\n",
       "         97.99762409, 103.83852459, 101.2226037 ,  94.11176915,\n",
       "         99.62387832, 104.51786419,  97.62787811,  93.97853495,\n",
       "         98.75108352, 106.05042487, 100.07721494, 106.89005002]])"
      ]
     },
     "execution_count": 16,
     "metadata": {},
     "output_type": "execute_result"
    }
   ],
   "source": [
    "# reshaping to a list of values\n",
    "single_list = np.reshape(dataset, (1, -1))\n",
    "single_list "
   ]
  },
  {
   "cell_type": "code",
   "execution_count": 17,
   "metadata": {},
   "outputs": [
    {
     "data": {
      "text/plain": [
       "array([[ 99.14931546, 104.03852715],\n",
       "       [107.43534677,  97.85230675],\n",
       "       [ 98.74986914,  98.80833412],\n",
       "       [ 96.81964892,  98.56783189],\n",
       "       [101.34745901,  92.02628776],\n",
       "       [ 97.10439252,  99.32066924],\n",
       "       [ 97.24584816,  92.9267508 ],\n",
       "       [ 92.65657752, 105.7197853 ],\n",
       "       [101.23162942,  93.87155456],\n",
       "       [ 95.66253664,  95.17750125],\n",
       "       [ 90.93318132, 110.18889465],\n",
       "       [ 98.80084371, 105.95297652],\n",
       "       [ 98.37481387, 106.54654286],\n",
       "       [107.22482426,  91.37294597],\n",
       "       [100.96781394, 100.40118279],\n",
       "       [113.42090475, 105.48508838],\n",
       "       [ 91.6604946 , 106.1472841 ],\n",
       "       [ 95.08715803, 103.40412146],\n",
       "       [101.20862522, 103.5730309 ],\n",
       "       [100.28690912, 105.85269352],\n",
       "       [ 93.37126331, 108.57980357],\n",
       "       [100.79478953,  94.20019732],\n",
       "       [ 96.10020311, 102.80387079],\n",
       "       [ 98.29687616,  93.24376389],\n",
       "       [ 97.24130034,  89.03452725],\n",
